Long Cube
1.000000 0.000000 0.000000 0.000000
0.000000 1.000000 0.000000 0.000000
0.000000 0.000000 1.000000 0.000000
0.000000 0.000000 0.000000 1.000000

Long Cube
0.999027 -0.002160 -0.044061 0.000000
-0.019431 0.875139 -0.483481 0.000000
0.039604 0.483867 0.874245 0.000000
-0.705637 -5.074732 -17.183325 1.000000

Long Cube.001
1.000000 0.000000 0.000000 0.000000
0.000000 0.987437 -0.158010 0.000000
-0.000000 0.158010 0.987437 0.000000
0.376610 1.900998 19.207197 1.000000

Obelisk
0.966761 -0.075194 0.244374 0.000000
0.073295 0.997168 0.016871 0.000000
-0.244951 0.001602 0.969534 0.000000
-3.168627 4.629770 28.210264 1.000000

Obelisk.001
0.964257 0.075920 -0.253859 0.000000
-0.077962 0.996954 0.002020 0.000000
0.253239 0.017844 0.967239 0.000000
4.595174 4.840646 28.313942 1.000000

Block
0.983255 0.000315 -0.182234 0.000000
-0.178428 0.204978 -0.962365 0.000000
0.037051 0.978767 0.201602 0.000000
0.860501 6.050694 29.689783 1.000000

