Block
1.000000 0.000000 0.000000 0.000000
0.000000 1.000000 0.000000 0.000000
0.000000 0.000000 1.000000 0.000000
-5.566556 5.406173 0.000000 1.000000

Long Cube
0.832211 0.554459 0.000000 0.000000
-0.554459 0.832211 0.000000 0.000000
0.000000 0.000000 1.000000 0.000000
-11.505277 32.638248 -0.000002 1.000000

Obelisk
1.000000 0.000000 0.000000 0.000000
0.000000 1.000000 0.000000 0.000000
0.000000 0.000000 1.000000 0.000000
4.114228 8.667358 0.000000 1.000000

Long Cube.001
0.955970 0.292740 0.020611 0.000000
-0.293415 0.954736 0.048848 0.000000
-0.005378 -0.052745 0.998594 0.000000
-3.327136 16.531313 -0.011410 1.000000

Long Cube.002
1.000000 0.000000 0.000000 0.000000
0.000000 1.000000 0.000000 0.000000
0.000000 0.000000 1.000000 0.000000
0.000000 0.000000 -0.384191 1.000000

Obelisk.001
0.630292 -0.776358 0.000000 0.000000
0.776358 0.630292 0.000000 0.000000
0.000000 0.000000 1.000000 0.000000
-2.392320 26.386478 0.000000 1.000000

Obelisk.002
1.000000 0.000000 0.000000 0.000000
0.000000 1.000000 0.000000 0.000000
0.000000 0.000000 1.000000 0.000000
4.201720 -9.203745 0.000000 1.000000

Obelisk.003
1.000000 0.000000 0.000000 0.000000
0.000000 1.000000 0.000000 0.000000
0.000000 0.000000 1.000000 0.000000
-12.716651 42.345303 0.000000 1.000000

Long Cube.003
0.626117 0.000000 0.779729 0.000000
0.000000 1.000000 0.000000 0.000000
-0.779729 0.000000 0.626117 0.000000
6.986097 0.000000 2.612751 1.000000

Long Cube.004
0.660909 0.199431 0.723482 0.000000
-0.367896 0.926356 0.080723 0.000000
-0.654103 -0.319517 0.685607 0.000000
3.345439 19.864246 2.463741 1.000000

Long Cube.005
0.319088 0.278306 0.905941 0.000000
-0.589396 0.806840 -0.040266 0.000000
-0.742156 -0.521109 0.421485 0.000000
-6.023295 36.741215 3.110683 1.000000

